throughput = 33.26634781617451 ops/s
mean read latency is 27.39071991666667 ms
mean write latency is 32.39845042307692 ms
mean latency is 29.99473978 ms

Read: 
26.424748
24.967552
24.782707
27.638864
29.42166
25.817252
26.324255
25.247379
28.663362
26.387141
30.222662
27.426048
28.880498
25.515915
28.71846
28.534642
26.936752
29.81242
31.873564
29.690872
24.61063
26.048903
24.972573
28.458419

Write:
27.578467
26.692092
34.836378
30.663296
33.918005
34.468854
30.225363
29.946682
35.574742
29.63421
32.603667
35.176583
31.740068
32.037417
31.965163
36.850019
31.461248
32.806624
30.688427
35.051762
31.821028
34.822964
30.102205
34.736163
33.289159
33.669125
